13
13
1
3
5
E
E
3
0
0
0
0
0
11
0
0
0
0
0
0
0
0
0
0
E
8
8
8
2
2
2
8
8
8
8
8
8
8
8
8
8
8
8
8
8
8
8
8
8
E
4
4
4
4
2
4
6
4
4
4
4
4
4
4
4
4
4
4
4
4
4
4
4
4
E
E
E
E
E
6
E
E
E
E
E
E
E
E
E
E
E
E
E
E
E
E
E
E
E
E
9
9
9
9
1
9
9
2
9
9
9
9
9
9
9
9
9
9
9
9
9
9
9
9
E
E
E
E
E
2
E
E
E
2
2
E
E
E
E
E
E
E
E
E
E
E
E
E
E
E
E
E
E
E
2
E
E
E
E
E
E
E
E
E
E
E
E
E
E
E
E
E
E
E
E
7
7
7
7
2
7
7
7
7
7
7
7
7
7
7
7
7
7
7
7
7
7
7
7
E
9
9
1
9
9
9
9
9
9
9
9
9
9
9
9
0
9
9
9
9
9
9
9
0
E
9
9
1
9
9
9
9
9
9
9
9
9
9
9
9
9
9
0
9
9
9
9
9
9
E
9
9
1
9
9
9
9
9
9
9
9
9
9
9
9
9
9
0
9
2
9
9
9
9
E
2
2
10
2
2
2
2
2
2
2
2
2
2
2
2
2
2
2
2
2
2
2
2
2
E
2
2
1
2
2
2
2
2
2
2
2
2
2
11
2
2
2
2
2
2
2
2
2
2
E
2
2
12
2
2
2
2
2
2
2
2
2
2
11
2
2
2
2
2
2
2
2
2
2
E